,Date,Store,DayOfWeek,Sales,Customers,Open,Promo,StateHoliday,SchoolHoliday,WeekOfYear
3,2013-01-01,377.0,1.0,0.0,0.0,0.0,0.0,a,1.0,1
2237,2013-01-03,377.0,3.0,5030.0,769.0,1.0,0.0,0,1.0,1
4467,2013-01-05,377.0,5.0,5045.0,754.0,1.0,0.0,0,0.0,1
5583,2013-01-06,377.0,6.0,0.0,0.0,0.0,0.0,0,0.0,1
6698,2013-01-07,377.0,0.0,7707.0,988.0,1.0,1.0,0,0.0,2
7810,2013-01-08,377.0,1.0,10063.0,1008.0,1.0,1.0,0,0.0,2
8927,2013-01-09,377.0,2.0,5763.0,763.0,1.0,1.0,0,0.0,2
12273,2013-01-12,377.0,5.0,5271.0,727.0,1.0,0.0,0,0.0,2
14503,2013-01-14,377.0,0.0,4686.0,706.0,1.0,0.0,0,0.0,3
15615,2013-01-15,377.0,1.0,5011.0,815.0,1.0,0.0,0,0.0,3
17849,2013-01-17,377.0,3.0,5480.0,775.0,1.0,0.0,0,0.0,3
18963,2013-01-18,377.0,4.0,5039.0,759.0,1.0,0.0,0,0.0,3
22309,2013-01-21,377.0,0.0,6832.0,900.0,1.0,1.0,0,0.0,4
23423,2013-01-22,377.0,1.0,6985.0,909.0,1.0,1.0,0,0.0,4
24537,2013-01-23,377.0,2.0,6150.0,762.0,1.0,1.0,0,0.0,4
25653,2013-01-24,377.0,3.0,8259.0,789.0,1.0,1.0,0,0.0,4
26768,2013-01-25,377.0,4.0,6823.0,883.0,1.0,1.0,0,0.0,4
27883,2013-01-26,377.0,5.0,4443.0,627.0,1.0,0.0,0,0.0,4
28995,2013-01-27,377.0,6.0,0.0,0.0,0.0,0.0,0,0.0,4
30113,2013-01-28,377.0,0.0,4687.0,753.0,1.0,0.0,0,0.0,5
32340,2013-01-30,377.0,2.0,4808.0,682.0,1.0,0.0,0,0.0,5
33459,2013-01-31,377.0,3.0,6875.0,900.0,1.0,0.0,0,0.0,5
34573,2013-02-01,377.0,4.0,7543.0,947.0,1.0,0.0,0,0.0,5
35687,2013-02-02,377.0,5.0,5379.0,765.0,1.0,0.0,0,0.0,5
36800,2013-02-03,377.0,6.0,0.0,0.0,0.0,0.0,0,0.0,5
39030,2013-02-05,377.0,1.0,7169.0,924.0,1.0,1.0,0,0.0,6
40145,2013-02-06,377.0,2.0,6226.0,802.0,1.0,1.0,0,0.0,6
41263,2013-02-07,377.0,3.0,7888.0,975.0,1.0,1.0,0,0.0,6
43493,2013-02-09,377.0,5.0,5639.0,811.0,1.0,0.0,0,0.0,6
44605,2013-02-10,377.0,6.0,0.0,0.0,0.0,0.0,0,0.0,6
47951,2013-02-13,377.0,2.0,6072.0,851.0,1.0,0.0,0,0.0,7
51297,2013-02-16,377.0,5.0,5782.0,811.0,1.0,0.0,0,0.0,7
52410,2013-02-17,377.0,6.0,0.0,0.0,0.0,0.0,0,0.0,7
53529,2013-02-18,377.0,0.0,8657.0,1032.0,1.0,1.0,0,0.0,8
54643,2013-02-19,377.0,1.0,7793.0,971.0,1.0,1.0,0,0.0,8
56873,2013-02-21,377.0,3.0,6710.0,903.0,1.0,1.0,0,0.0,8
59103,2013-02-23,377.0,5.0,5989.0,710.0,1.0,0.0,0,0.0,8
60215,2013-02-24,377.0,6.0,0.0,0.0,0.0,0.0,0,0.0,8
61333,2013-02-25,377.0,0.0,4461.0,744.0,1.0,0.0,0,0.0,9
63562,2013-02-27,377.0,2.0,5262.0,794.0,1.0,0.0,0,0.0,9
64677,2013-02-28,377.0,3.0,7511.0,948.0,1.0,0.0,0,0.0,9
65792,2013-03-01,377.0,4.0,7576.0,1016.0,1.0,0.0,0,0.0,9
68020,2013-03-03,377.0,6.0,0.0,0.0,0.0,0.0,0,0.0,9
69136,2013-03-04,377.0,0.0,9992.0,1169.0,1.0,1.0,0,0.0,10
70250,2013-03-05,377.0,1.0,8877.0,1145.0,1.0,1.0,0,0.0,10
71368,2013-03-06,377.0,2.0,7829.0,946.0,1.0,1.0,0,0.0,10
72482,2013-03-07,377.0,3.0,7719.0,979.0,1.0,1.0,0,0.0,10
73595,2013-03-08,377.0,4.0,8078.0,983.0,1.0,1.0,0,0.0,10
75828,2013-03-10,377.0,6.0,0.0,0.0,0.0,0.0,0,0.0,10
76942,2013-03-11,377.0,0.0,5694.0,763.0,1.0,0.0,0,0.0,11
78057,2013-03-12,377.0,1.0,7221.0,938.0,1.0,0.0,0,0.0,11
79174,2013-03-13,377.0,2.0,4928.0,702.0,1.0,0.0,0,0.0,11
80288,2013-03-14,377.0,3.0,7387.0,897.0,1.0,0.0,0,0.0,11
82515,2013-03-16,377.0,5.0,6198.0,812.0,1.0,0.0,0,0.0,11
83630,2013-03-17,377.0,6.0,0.0,0.0,0.0,0.0,0,0.0,11
85860,2013-03-19,377.0,1.0,8513.0,981.0,1.0,1.0,0,0.0,12
86978,2013-03-20,377.0,2.0,7587.0,893.0,1.0,1.0,0,0.0,12
91438,2013-03-24,377.0,6.0,0.0,0.0,0.0,0.0,0,0.0,12
92552,2013-03-25,377.0,0.0,10047.0,1054.0,1.0,1.0,0,1.0,13
93667,2013-03-26,377.0,1.0,9290.0,1102.0,1.0,1.0,0,1.0,13
95898,2013-03-28,377.0,3.0,12765.0,1342.0,1.0,1.0,0,1.0,13
97013,2013-03-29,377.0,4.0,0.0,0.0,0.0,1.0,b,1.0,13
98128,2013-03-30,377.0,5.0,10037.0,1208.0,1.0,0.0,0,0.0,13
99240,2013-03-31,377.0,6.0,0.0,0.0,0.0,0.0,0,0.0,13
100358,2013-04-01,377.0,0.0,0.0,0.0,0.0,0.0,b,1.0,14
101470,2013-04-02,377.0,1.0,7757.0,1072.0,1.0,0.0,0,1.0,14
103703,2013-04-04,377.0,3.0,6399.0,859.0,1.0,0.0,0,1.0,14
105933,2013-04-06,377.0,5.0,5642.0,762.0,1.0,0.0,0,0.0,14
107045,2013-04-07,377.0,6.0,0.0,0.0,0.0,0.0,0,0.0,14
108163,2013-04-08,377.0,0.0,8495.0,1055.0,1.0,1.0,0,1.0,15
109275,2013-04-09,377.0,1.0,8265.0,1110.0,1.0,1.0,0,1.0,15
110390,2013-04-10,377.0,2.0,6441.0,761.0,1.0,1.0,0,0.0,15
111507,2013-04-11,377.0,3.0,6724.0,879.0,1.0,1.0,0,0.0,15
113735,2013-04-13,377.0,5.0,5642.0,760.0,1.0,0.0,0,0.0,15
114851,2013-04-14,377.0,6.0,0.0,0.0,0.0,0.0,0,0.0,15
115967,2013-04-15,377.0,0.0,5159.0,807.0,1.0,0.0,0,0.0,16
117082,2013-04-16,377.0,1.0,5555.0,884.0,1.0,0.0,0,0.0,16
118195,2013-04-17,377.0,2.0,4630.0,734.0,1.0,0.0,0,0.0,16
119313,2013-04-18,377.0,3.0,5743.0,828.0,1.0,0.0,0,0.0,16
121543,2013-04-20,377.0,5.0,5364.0,772.0,1.0,0.0,0,0.0,16
122661,2013-04-21,377.0,6.0,0.0,0.0,0.0,0.0,0,0.0,16
123773,2013-04-22,377.0,0.0,7651.0,1000.0,1.0,1.0,0,0.0,17
124892,2013-04-23,377.0,1.0,7435.0,966.0,1.0,1.0,0,0.0,17
128233,2013-04-26,377.0,4.0,6993.0,907.0,1.0,1.0,0,0.0,17
129348,2013-04-27,377.0,5.0,5313.0,743.0,1.0,0.0,0,0.0,17
131575,2013-04-29,377.0,0.0,8317.0,991.0,1.0,1.0,0,0.0,18
134923,2013-05-02,377.0,3.0,8684.0,1118.0,1.0,1.0,0,0.0,18
136035,2013-05-03,377.0,4.0,8006.0,1032.0,1.0,1.0,0,0.0,18
137153,2013-05-04,377.0,5.0,5520.0,801.0,1.0,0.0,0,0.0,18
139383,2013-05-06,377.0,0.0,6024.0,914.0,1.0,0.0,0,0.0,19
141613,2013-05-08,377.0,2.0,6723.0,867.0,1.0,0.0,0,0.0,19
143840,2013-05-10,377.0,4.0,7916.0,1048.0,1.0,0.0,0,1.0,19
144959,2013-05-11,377.0,5.0,5440.0,772.0,1.0,0.0,0,0.0,19
146073,2013-05-12,377.0,6.0,0.0,0.0,0.0,0.0,0,0.0,19
147187,2013-05-13,377.0,0.0,7591.0,920.0,1.0,1.0,0,0.0,20
148300,2013-05-14,377.0,1.0,8906.0,1058.0,1.0,1.0,0,0.0,20
149419,2013-05-15,377.0,2.0,7427.0,890.0,1.0,1.0,0,0.0,20
151647,2013-05-17,377.0,4.0,7554.0,1010.0,1.0,1.0,0,0.0,20
152763,2013-05-18,377.0,5.0,5411.0,716.0,1.0,0.0,0,0.0,20
154993,2013-05-20,377.0,0.0,0.0,0.0,0.0,0.0,a,0.0,21
156105,2013-05-21,377.0,1.0,5379.0,732.0,1.0,0.0,0,0.0,21
157223,2013-05-22,377.0,2.0,4360.0,655.0,1.0,0.0,0,0.0,21
158335,2013-05-23,377.0,3.0,5587.0,857.0,1.0,0.0,0,0.0,21
162797,2013-05-27,377.0,0.0,7980.0,967.0,1.0,1.0,0,0.0,22
163910,2013-05-28,377.0,1.0,8441.0,1000.0,1.0,1.0,0,0.0,22
165028,2013-05-29,377.0,2.0,5665.0,740.0,1.0,1.0,0,0.0,22
166140,2013-05-30,377.0,3.0,8079.0,965.0,1.0,1.0,0,0.0,22
167255,2013-05-31,377.0,4.0,10432.0,1221.0,1.0,1.0,0,0.0,22
168374,2013-06-01,377.0,5.0,5767.0,802.0,1.0,0.0,0,0.0,22
169488,2013-06-02,377.0,6.0,0.0,0.0,0.0,0.0,0,0.0,22
170603,2013-06-03,377.0,0.0,8907.0,1056.0,1.0,1.0,0,0.0,23
171716,2013-06-04,377.0,1.0,8492.0,1055.0,1.0,1.0,0,0.0,23
172833,2013-06-05,377.0,2.0,7127.0,887.0,1.0,1.0,0,0.0,23
173948,2013-06-06,377.0,3.0,6840.0,1007.0,1.0,1.0,0,0.0,23
175062,2013-06-07,377.0,4.0,8732.0,1010.0,1.0,1.0,0,0.0,23
177293,2013-06-09,377.0,6.0,0.0,0.0,0.0,0.0,0,0.0,23
178407,2013-06-10,377.0,0.0,5789.0,838.0,1.0,0.0,0,0.0,24
179520,2013-06-11,377.0,1.0,5728.0,877.0,1.0,0.0,0,0.0,24
180639,2013-06-12,377.0,2.0,5131.0,780.0,1.0,0.0,0,0.0,24
181753,2013-06-13,377.0,3.0,5787.0,777.0,1.0,0.0,0,0.0,24
182866,2013-06-14,377.0,4.0,6059.0,861.0,1.0,0.0,0,0.0,24
185098,2013-06-16,377.0,6.0,0.0,0.0,0.0,0.0,0,0.0,24
186213,2013-06-17,377.0,0.0,8288.0,1032.0,1.0,1.0,0,0.0,25
188443,2013-06-19,377.0,2.0,6252.0,774.0,1.0,1.0,0,0.0,25
189555,2013-06-20,377.0,3.0,7707.0,898.0,1.0,1.0,0,0.0,25
190670,2013-06-21,377.0,4.0,7233.0,885.0,1.0,1.0,0,0.0,25
191788,2013-06-22,377.0,5.0,5601.0,734.0,1.0,0.0,0,0.0,25
192903,2013-06-23,377.0,6.0,0.0,0.0,0.0,0.0,0,0.0,25
194018,2013-06-24,377.0,0.0,5674.0,751.0,1.0,0.0,0,1.0,26
196248,2013-06-26,377.0,2.0,6020.0,690.0,1.0,0.0,0,1.0,26
197360,2013-06-27,377.0,3.0,6239.0,753.0,1.0,0.0,0,1.0,26
202935,2013-07-02,377.0,1.0,9254.0,1074.0,1.0,1.0,0,1.0,27
204051,2013-07-03,377.0,2.0,9098.0,818.0,1.0,1.0,0,1.0,27
205165,2013-07-04,377.0,3.0,7861.0,872.0,1.0,1.0,0,1.0,27
206282,2013-07-05,377.0,4.0,7680.0,934.0,1.0,1.0,0,1.0,27
207398,2013-07-06,377.0,5.0,4812.0,648.0,1.0,0.0,0,0.0,27
208513,2013-07-07,377.0,6.0,0.0,0.0,0.0,0.0,0,0.0,27
209628,2013-07-08,377.0,0.0,6061.0,795.0,1.0,0.0,0,1.0,28
210740,2013-07-09,377.0,1.0,6225.0,856.0,1.0,0.0,0,1.0,28
211858,2013-07-10,377.0,2.0,6803.0,754.0,1.0,0.0,0,1.0,28
212970,2013-07-11,377.0,3.0,6121.0,801.0,1.0,0.0,0,1.0,28
216318,2013-07-14,377.0,6.0,0.0,0.0,0.0,0.0,0,0.0,28
217433,2013-07-15,377.0,0.0,9912.0,1054.0,1.0,1.0,0,1.0,29
218545,2013-07-16,377.0,1.0,8376.0,986.0,1.0,1.0,0,1.0,29
220775,2013-07-18,377.0,3.0,7246.0,875.0,1.0,1.0,0,1.0,29
221890,2013-07-19,377.0,4.0,7765.0,902.0,1.0,1.0,0,1.0,29
223008,2013-07-20,377.0,5.0,4296.0,597.0,1.0,0.0,0,0.0,29
224123,2013-07-21,377.0,6.0,0.0,0.0,0.0,0.0,0,0.0,29
225238,2013-07-22,377.0,0.0,6259.0,782.0,1.0,0.0,0,1.0,30
226350,2013-07-23,377.0,1.0,5674.0,759.0,1.0,0.0,0,1.0,30
227468,2013-07-24,377.0,2.0,6387.0,749.0,1.0,0.0,0,1.0,30
229695,2013-07-26,377.0,4.0,6127.0,805.0,1.0,0.0,0,1.0,30
231928,2013-07-28,377.0,6.0,0.0,0.0,0.0,0.0,0,0.0,30
234155,2013-07-30,377.0,1.0,13963.0,1357.0,1.0,1.0,0,1.0,31
235273,2013-07-31,377.0,2.0,16400.0,1429.0,1.0,1.0,0,1.0,31
236385,2013-08-01,377.0,3.0,11265.0,1158.0,1.0,1.0,0,1.0,31
237500,2013-08-02,377.0,4.0,10113.0,1135.0,1.0,1.0,0,1.0,31
238617,2013-08-03,377.0,5.0,8304.0,970.0,1.0,0.0,0,0.0,31
241961,2013-08-06,377.0,1.0,12217.0,1538.0,1.0,0.0,0,0.0,32
243077,2013-08-07,377.0,2.0,8533.0,1224.0,1.0,0.0,0,0.0,32
244192,2013-08-08,377.0,3.0,7800.0,1161.0,1.0,0.0,0,0.0,32
245305,2013-08-09,377.0,4.0,7676.0,1134.0,1.0,0.0,0,0.0,32
247538,2013-08-11,377.0,6.0,0.0,0.0,0.0,0.0,0,0.0,32
249771,2013-08-13,377.0,1.0,9596.0,1252.0,1.0,1.0,0,0.0,33
250883,2013-08-14,377.0,2.0,8744.0,1161.0,1.0,1.0,0,0.0,33
253110,2013-08-16,377.0,4.0,8230.0,1094.0,1.0,1.0,0,0.0,33
254228,2013-08-17,377.0,5.0,5271.0,844.0,1.0,0.0,0,0.0,33
256458,2013-08-19,377.0,0.0,6436.0,902.0,1.0,0.0,0,0.0,34
257572,2013-08-20,377.0,1.0,6081.0,962.0,1.0,0.0,0,0.0,34
258687,2013-08-21,377.0,2.0,4946.0,797.0,1.0,0.0,0,0.0,34
259801,2013-08-22,377.0,3.0,5253.0,826.0,1.0,0.0,0,0.0,34
260917,2013-08-23,377.0,4.0,5467.0,828.0,1.0,0.0,0,0.0,34
263145,2013-08-25,377.0,6.0,0.0,0.0,0.0,0.0,0,0.0,34
265378,2013-08-27,377.0,1.0,8640.0,1096.0,1.0,1.0,0,0.0,35
267605,2013-08-29,377.0,3.0,7878.0,991.0,1.0,1.0,0,0.0,35
268723,2013-08-30,377.0,4.0,11936.0,1165.0,1.0,1.0,0,0.0,35
269835,2013-08-31,377.0,5.0,6028.0,851.0,1.0,0.0,0,0.0,35
270950,2013-09-01,377.0,6.0,0.0,0.0,0.0,0.0,0,0.0,35
273183,2013-09-03,377.0,1.0,6681.0,949.0,1.0,0.0,0,0.0,36
274297,2013-09-04,377.0,2.0,5957.0,892.0,1.0,0.0,0,0.0,36
275410,2013-09-05,377.0,3.0,6651.0,880.0,1.0,0.0,0,0.0,36
276529,2013-09-06,377.0,4.0,6166.0,923.0,1.0,0.0,0,0.0,36
277643,2013-09-07,377.0,5.0,5658.0,826.0,1.0,0.0,0,0.0,36
278757,2013-09-08,377.0,6.0,0.0,0.0,0.0,0.0,0,0.0,36
279873,2013-09-09,377.0,0.0,7071.0,841.0,1.0,1.0,0,0.0,37
280988,2013-09-10,377.0,1.0,8360.0,1018.0,1.0,1.0,0,0.0,37
282103,2013-09-11,377.0,2.0,7058.0,903.0,1.0,1.0,0,0.0,37
283215,2013-09-12,377.0,3.0,7756.0,973.0,1.0,1.0,0,0.0,37
284333,2013-09-13,377.0,4.0,9622.0,1036.0,1.0,1.0,0,0.0,37
285445,2013-09-14,377.0,5.0,5779.0,783.0,1.0,0.0,0,0.0,37
286560,2013-09-15,377.0,6.0,0.0,0.0,0.0,0.0,0,0.0,37
287679,2013-09-16,377.0,0.0,5388.0,821.0,1.0,0.0,0,0.0,38
289907,2013-09-18,377.0,2.0,4948.0,786.0,1.0,0.0,0,0.0,38
291020,2013-09-19,377.0,3.0,5538.0,854.0,1.0,0.0,0,0.0,38
292138,2013-09-20,377.0,4.0,5590.0,852.0,1.0,0.0,0,0.0,38
293250,2013-09-21,377.0,5.0,4955.0,759.0,1.0,0.0,0,0.0,38
294365,2013-09-22,377.0,6.0,0.0,0.0,0.0,0.0,0,0.0,38
295483,2013-09-23,377.0,0.0,6846.0,930.0,1.0,1.0,0,0.0,39
296598,2013-09-24,377.0,1.0,7423.0,938.0,1.0,1.0,0,0.0,39
298825,2013-09-26,377.0,3.0,6974.0,909.0,1.0,1.0,0,0.0,39
299943,2013-09-27,377.0,4.0,7248.0,997.0,1.0,1.0,0,0.0,39
301055,2013-09-28,377.0,5.0,5508.0,717.0,1.0,0.0,0,0.0,39
304403,2013-10-01,377.0,1.0,6867.0,1004.0,1.0,0.0,0,0.0,40
305517,2013-10-02,377.0,2.0,7319.0,887.0,1.0,0.0,0,0.0,40
306630,2013-10-03,377.0,3.0,0.0,0.0,0.0,0.0,a,0.0,40
307749,2013-10-04,377.0,4.0,7904.0,1004.0,1.0,0.0,0,1.0,40
309976,2013-10-06,377.0,6.0,0.0,0.0,0.0,0.0,0,0.0,40
312208,2013-10-08,377.0,1.0,9453.0,1006.0,1.0,1.0,0,1.0,41
313323,2013-10-09,377.0,2.0,6059.0,760.0,1.0,1.0,0,1.0,41
314435,2013-10-10,377.0,3.0,7089.0,917.0,1.0,1.0,0,1.0,41
316665,2013-10-12,377.0,5.0,4252.0,583.0,1.0,0.0,0,0.0,41
317782,2013-10-13,377.0,6.0,0.0,0.0,0.0,0.0,0,0.0,41
318898,2013-10-14,377.0,0.0,5694.0,801.0,1.0,0.0,0,1.0,42
320013,2013-10-15,377.0,1.0,6049.0,800.0,1.0,0.0,0,1.0,42
321128,2013-10-16,377.0,2.0,5316.0,717.0,1.0,0.0,0,1.0,42
322240,2013-10-17,377.0,3.0,4544.0,612.0,1.0,0.0,0,1.0,42
323358,2013-10-18,377.0,4.0,6670.0,949.0,1.0,0.0,0,1.0,42
325588,2013-10-20,377.0,6.0,0.0,0.0,0.0,0.0,0,0.0,42
327818,2013-10-22,377.0,1.0,8975.0,1080.0,1.0,1.0,0,0.0,43
328933,2013-10-23,377.0,2.0,6959.0,861.0,1.0,1.0,0,0.0,43
330048,2013-10-24,377.0,3.0,6250.0,880.0,1.0,1.0,0,0.0,43
332278,2013-10-26,377.0,5.0,5513.0,721.0,1.0,0.0,0,0.0,43
333390,2013-10-27,377.0,6.0,0.0,0.0,0.0,0.0,0,0.0,43
334505,2013-10-28,377.0,0.0,3799.0,603.0,1.0,0.0,0,0.0,44
335624,2013-10-29,377.0,1.0,5746.0,815.0,1.0,0.0,0,0.0,44
337852,2013-10-31,377.0,3.0,8729.0,1083.0,1.0,0.0,0,0.0,44
340084,2013-11-02,377.0,5.0,6204.0,775.0,1.0,0.0,0,0.0,44
341198,2013-11-03,377.0,6.0,0.0,0.0,0.0,0.0,0,0.0,44
342312,2013-11-04,377.0,0.0,7990.0,882.0,1.0,1.0,0,0.0,45
343428,2013-11-05,377.0,1.0,8952.0,1087.0,1.0,1.0,0,0.0,45
344543,2013-11-06,377.0,2.0,7944.0,943.0,1.0,1.0,0,0.0,45
345658,2013-11-07,377.0,3.0,8386.0,997.0,1.0,1.0,0,0.0,45
347888,2013-11-09,377.0,5.0,5051.0,642.0,1.0,0.0,0,0.0,45
352348,2013-11-13,377.0,2.0,6306.0,853.0,1.0,0.0,0,0.0,46
353462,2013-11-14,377.0,3.0,6139.0,910.0,1.0,0.0,0,0.0,46
354575,2013-11-15,377.0,4.0,7039.0,915.0,1.0,0.0,0,0.0,46
355693,2013-11-16,377.0,5.0,6858.0,851.0,1.0,0.0,0,0.0,46
356805,2013-11-17,377.0,6.0,0.0,0.0,0.0,0.0,0,0.0,46
357920,2013-11-18,377.0,0.0,9611.0,1057.0,1.0,1.0,0,0.0,47
359039,2013-11-19,377.0,1.0,8977.0,1103.0,1.0,1.0,0,0.0,47
360153,2013-11-20,377.0,2.0,8097.0,1005.0,1.0,1.0,0,0.0,47
361268,2013-11-21,377.0,3.0,8144.0,1005.0,1.0,1.0,0,0.0,47
362381,2013-11-22,377.0,4.0,8682.0,1023.0,1.0,1.0,0,0.0,47
363498,2013-11-23,377.0,5.0,5982.0,812.0,1.0,0.0,0,0.0,47
364613,2013-11-24,377.0,6.0,0.0,0.0,0.0,0.0,0,0.0,47
366844,2013-11-26,377.0,1.0,8086.0,1047.0,1.0,0.0,0,0.0,48
367958,2013-11-27,377.0,2.0,7380.0,875.0,1.0,0.0,0,0.0,48
370185,2013-11-29,377.0,4.0,10621.0,1172.0,1.0,0.0,0,0.0,48
371304,2013-11-30,377.0,5.0,10202.0,1188.0,1.0,0.0,0,0.0,48
374648,2013-12-03,377.0,1.0,12314.0,1367.0,1.0,1.0,0,0.0,49
376878,2013-12-05,377.0,3.0,9962.0,977.0,1.0,1.0,0,0.0,49
377990,2013-12-06,377.0,4.0,7235.0,837.0,1.0,1.0,0,0.0,49
379108,2013-12-07,377.0,5.0,8902.0,1096.0,1.0,0.0,0,0.0,49
380220,2013-12-08,377.0,6.0,0.0,0.0,0.0,0.0,0,0.0,49
381336,2013-12-09,377.0,0.0,7240.0,1001.0,1.0,0.0,0,0.0,50
382454,2013-12-10,377.0,1.0,8953.0,1165.0,1.0,0.0,0,0.0,50
383568,2013-12-11,377.0,2.0,8435.0,1094.0,1.0,0.0,0,0.0,50
384682,2013-12-12,377.0,3.0,8549.0,1100.0,1.0,0.0,0,0.0,50
385797,2013-12-13,377.0,4.0,8207.0,1036.0,1.0,0.0,0,0.0,50
386911,2013-12-14,377.0,5.0,10052.0,1205.0,1.0,0.0,0,0.0,50
389142,2013-12-16,377.0,0.0,16871.0,1605.0,1.0,1.0,0,0.0,51
390255,2013-12-17,377.0,1.0,14832.0,1596.0,1.0,1.0,0,0.0,51
391373,2013-12-18,377.0,2.0,13579.0,1454.0,1.0,1.0,0,0.0,51
392488,2013-12-19,377.0,3.0,12284.0,1423.0,1.0,1.0,0,0.0,51
393603,2013-12-20,377.0,4.0,13638.0,1633.0,1.0,1.0,0,0.0,51
394715,2013-12-21,377.0,5.0,11333.0,1468.0,1.0,0.0,0,0.0,51
395833,2013-12-22,377.0,6.0,0.0,0.0,0.0,0.0,0,0.0,51
396945,2013-12-23,377.0,0.0,15319.0,1908.0,1.0,0.0,0,1.0,52
398060,2013-12-24,377.0,1.0,5327.0,768.0,1.0,0.0,0,1.0,52
399179,2013-12-25,377.0,2.0,0.0,0.0,0.0,0.0,c,1.0,52
401407,2013-12-27,377.0,4.0,7439.0,1060.0,1.0,0.0,0,1.0,52
402520,2013-12-28,377.0,5.0,6039.0,791.0,1.0,0.0,0,0.0,52
403639,2013-12-29,377.0,6.0,0.0,0.0,0.0,0.0,0,0.0,52
404753,2013-12-30,377.0,0.0,8877.0,1150.0,1.0,0.0,0,1.0,1
405867,2013-12-31,377.0,1.0,4692.0,611.0,1.0,0.0,0,1.0,1
406983,2014-01-01,377.0,2.0,0.0,0.0,0.0,0.0,a,1.0,1
408098,2014-01-02,377.0,3.0,6688.0,887.0,1.0,0.0,0,1.0,1
410325,2014-01-04,377.0,5.0,6566.0,871.0,1.0,0.0,0,0.0,1
411443,2014-01-05,377.0,6.0,0.0,0.0,0.0,0.0,0,0.0,1
412555,2014-01-06,377.0,0.0,10238.0,1155.0,1.0,1.0,0,1.0,2
413670,2014-01-07,377.0,1.0,9258.0,1133.0,1.0,1.0,0,0.0,2
414789,2014-01-08,377.0,2.0,7358.0,926.0,1.0,1.0,0,0.0,2
415903,2014-01-09,377.0,3.0,7452.0,915.0,1.0,1.0,0,0.0,2
417017,2014-01-10,377.0,4.0,7678.0,1004.0,1.0,1.0,0,0.0,2
418130,2014-01-11,377.0,5.0,5192.0,740.0,1.0,0.0,0,0.0,2
419248,2014-01-12,377.0,6.0,0.0,0.0,0.0,0.0,0,0.0,2
421475,2014-01-14,377.0,1.0,6386.0,904.0,1.0,0.0,0,0.0,3
422594,2014-01-15,377.0,2.0,5452.0,803.0,1.0,0.0,0,0.0,3
423708,2014-01-16,377.0,3.0,5226.0,793.0,1.0,0.0,0,0.0,3
424823,2014-01-17,377.0,4.0,5709.0,882.0,1.0,0.0,0,0.0,3
425936,2014-01-18,377.0,5.0,5633.0,786.0,1.0,0.0,0,0.0,3
427053,2014-01-19,377.0,6.0,0.0,0.0,0.0,0.0,0,0.0,3
428168,2014-01-20,377.0,0.0,8137.0,962.0,1.0,1.0,0,0.0,4
429282,2014-01-21,377.0,1.0,7224.0,894.0,1.0,1.0,0,0.0,4
430399,2014-01-22,377.0,2.0,6682.0,828.0,1.0,1.0,0,0.0,4
431513,2014-01-23,377.0,3.0,6943.0,879.0,1.0,1.0,0,0.0,4
434859,2014-01-26,377.0,6.0,0.0,0.0,0.0,0.0,0,0.0,4
435973,2014-01-27,377.0,0.0,5362.0,757.0,1.0,0.0,0,0.0,5
437086,2014-01-28,377.0,1.0,6274.0,863.0,1.0,0.0,0,0.0,5
438203,2014-01-29,377.0,2.0,5509.0,723.0,1.0,0.0,0,0.0,5
439318,2014-01-30,377.0,3.0,6887.0,828.0,1.0,0.0,0,0.0,5
440433,2014-01-31,377.0,4.0,9093.0,1111.0,1.0,0.0,0,0.0,5
441545,2014-02-01,377.0,5.0,6636.0,780.0,1.0,0.0,0,0.0,5
442663,2014-02-02,377.0,6.0,0.0,0.0,0.0,0.0,0,0.0,5
443775,2014-02-03,377.0,0.0,10396.0,1142.0,1.0,1.0,0,0.0,6
444891,2014-02-04,377.0,1.0,10172.0,1225.0,1.0,1.0,0,0.0,6
448237,2014-02-07,377.0,4.0,7849.0,946.0,1.0,1.0,0,0.0,6
449350,2014-02-08,377.0,5.0,6192.0,824.0,1.0,0.0,0,0.0,6
450468,2014-02-09,377.0,6.0,0.0,0.0,0.0,0.0,0,0.0,6
452697,2014-02-11,377.0,1.0,6552.0,947.0,1.0,0.0,0,0.0,7
454927,2014-02-13,377.0,3.0,6576.0,948.0,1.0,0.0,0,0.0,7
456040,2014-02-14,377.0,4.0,6875.0,946.0,1.0,0.0,0,0.0,7
457156,2014-02-15,377.0,5.0,6187.0,802.0,1.0,0.0,0,0.0,7
458272,2014-02-16,377.0,6.0,0.0,0.0,0.0,0.0,0,0.0,7
460502,2014-02-18,377.0,1.0,9408.0,1154.0,1.0,1.0,0,0.0,8
461619,2014-02-19,377.0,2.0,7184.0,860.0,1.0,1.0,0,0.0,8
463847,2014-02-21,377.0,4.0,7202.0,958.0,1.0,1.0,0,0.0,8
464960,2014-02-22,377.0,5.0,5665.0,769.0,1.0,0.0,0,0.0,8
466079,2014-02-23,377.0,6.0,0.0,0.0,0.0,0.0,0,0.0,8
467193,2014-02-24,377.0,0.0,5421.0,837.0,1.0,0.0,0,0.0,9
468306,2014-02-25,377.0,1.0,6036.0,887.0,1.0,0.0,0,0.0,9
469423,2014-02-26,377.0,2.0,5180.0,788.0,1.0,0.0,0,0.0,9
470538,2014-02-27,377.0,3.0,6336.0,904.0,1.0,0.0,0,0.0,9
471653,2014-02-28,377.0,4.0,8554.0,1042.0,1.0,0.0,0,0.0,9
473883,2014-03-02,377.0,6.0,0.0,0.0,0.0,0.0,0,0.0,9
476111,2014-03-04,377.0,1.0,9946.0,1196.0,1.0,1.0,0,0.0,10
477229,2014-03-05,377.0,2.0,8072.0,995.0,1.0,1.0,0,0.0,10
478343,2014-03-06,377.0,3.0,8315.0,1068.0,1.0,1.0,0,0.0,10
479457,2014-03-07,377.0,4.0,8891.0,1096.0,1.0,1.0,0,0.0,10
481688,2014-03-09,377.0,6.0,0.0,0.0,0.0,0.0,0,0.0,10
482800,2014-03-10,377.0,0.0,6587.0,929.0,1.0,0.0,0,0.0,11
485032,2014-03-12,377.0,2.0,5355.0,780.0,1.0,0.0,0,0.0,11
486147,2014-03-13,377.0,3.0,5975.0,855.0,1.0,0.0,0,0.0,11
487260,2014-03-14,377.0,4.0,6520.0,909.0,1.0,0.0,0,0.0,11
488376,2014-03-15,377.0,5.0,5632.0,741.0,1.0,0.0,0,0.0,11
489492,2014-03-16,377.0,6.0,0.0,0.0,0.0,0.0,0,0.0,11
490607,2014-03-17,377.0,0.0,9382.0,1054.0,1.0,1.0,0,0.0,12
492839,2014-03-19,377.0,2.0,6904.0,857.0,1.0,1.0,0,0.0,12
493953,2014-03-20,377.0,3.0,7067.0,971.0,1.0,1.0,0,0.0,12
495067,2014-03-21,377.0,4.0,6501.0,821.0,1.0,1.0,0,0.0,12
496180,2014-03-22,377.0,5.0,5307.0,753.0,1.0,0.0,0,0.0,12
497298,2014-03-23,377.0,6.0,0.0,0.0,0.0,0.0,0,0.0,12
499526,2014-03-25,377.0,1.0,6662.0,925.0,1.0,0.0,0,0.0,13
500644,2014-03-26,377.0,2.0,5433.0,772.0,1.0,0.0,0,0.0,13
501758,2014-03-27,377.0,3.0,6289.0,848.0,1.0,0.0,0,0.0,13
502872,2014-03-28,377.0,4.0,7058.0,914.0,1.0,0.0,0,0.0,13
503986,2014-03-29,377.0,5.0,6275.0,801.0,1.0,0.0,0,0.0,13
505104,2014-03-30,377.0,6.0,0.0,0.0,0.0,0.0,0,0.0,13
509559,2014-04-03,377.0,3.0,7863.0,999.0,1.0,1.0,0,0.0,14
510677,2014-04-04,377.0,4.0,8369.0,984.0,1.0,1.0,0,0.0,14
511790,2014-04-05,377.0,5.0,6075.0,774.0,1.0,0.0,0,0.0,14
512906,2014-04-06,377.0,6.0,0.0,0.0,0.0,0.0,0,0.0,14
514022,2014-04-07,377.0,0.0,6511.0,936.0,1.0,0.0,0,0.0,15
516250,2014-04-09,377.0,2.0,6252.0,823.0,1.0,0.0,0,0.0,15
517368,2014-04-10,377.0,3.0,6969.0,946.0,1.0,0.0,0,0.0,15
518483,2014-04-11,377.0,4.0,7565.0,973.0,1.0,0.0,0,0.0,15
521828,2014-04-14,377.0,0.0,9929.0,1042.0,1.0,1.0,0,0.0,16
522940,2014-04-15,377.0,1.0,11656.0,1259.0,1.0,1.0,0,0.0,16
524055,2014-04-16,377.0,2.0,10085.0,1136.0,1.0,1.0,0,1.0,16
526288,2014-04-18,377.0,4.0,0.0,0.0,0.0,1.0,b,1.0,16
527402,2014-04-19,377.0,5.0,8994.0,1108.0,1.0,0.0,0,0.0,16
528515,2014-04-20,377.0,6.0,0.0,0.0,0.0,0.0,0,0.0,16
529634,2014-04-21,377.0,0.0,0.0,0.0,0.0,0.0,b,1.0,17
530748,2014-04-22,377.0,1.0,6399.0,937.0,1.0,0.0,0,1.0,17
531861,2014-04-23,377.0,2.0,4924.0,677.0,1.0,0.0,0,1.0,17
532978,2014-04-24,377.0,3.0,5024.0,731.0,1.0,0.0,0,1.0,17
535208,2014-04-26,377.0,5.0,5778.0,716.0,1.0,0.0,0,0.0,17
537438,2014-04-28,377.0,0.0,9172.0,1054.0,1.0,1.0,0,1.0,18
538550,2014-04-29,377.0,1.0,9973.0,1150.0,1.0,1.0,0,1.0,18
540783,2014-05-01,377.0,3.0,0.0,0.0,0.0,1.0,a,1.0,18
541898,2014-05-02,377.0,4.0,11156.0,1300.0,1.0,1.0,0,1.0,18
543013,2014-05-03,377.0,5.0,6113.0,777.0,1.0,0.0,0,0.0,18
544125,2014-05-04,377.0,6.0,0.0,0.0,0.0,0.0,0,0.0,18
546358,2014-05-06,377.0,1.0,10256.0,1159.0,1.0,1.0,0,0.0,19
547473,2014-05-07,377.0,2.0,7696.0,959.0,1.0,1.0,0,0.0,19
548585,2014-05-08,377.0,3.0,7707.0,909.0,1.0,1.0,0,0.0,19
549703,2014-05-09,377.0,4.0,8409.0,1010.0,1.0,1.0,0,0.0,19
550818,2014-05-10,377.0,5.0,6552.0,888.0,1.0,0.0,0,0.0,19
551933,2014-05-11,377.0,6.0,0.0,0.0,0.0,0.0,0,0.0,19
553045,2014-05-12,377.0,0.0,6150.0,874.0,1.0,0.0,0,0.0,20
554163,2014-05-13,377.0,1.0,6201.0,946.0,1.0,0.0,0,0.0,20
555275,2014-05-14,377.0,2.0,6134.0,827.0,1.0,0.0,0,0.0,20
558623,2014-05-17,377.0,5.0,5610.0,819.0,1.0,0.0,0,0.0,20
559737,2014-05-18,377.0,6.0,0.0,0.0,0.0,0.0,0,0.0,20
561969,2014-05-20,377.0,1.0,8172.0,1102.0,1.0,1.0,0,0.0,21
563083,2014-05-21,377.0,2.0,7043.0,861.0,1.0,1.0,0,0.0,21
564197,2014-05-22,377.0,3.0,6971.0,954.0,1.0,1.0,0,0.0,21
565313,2014-05-23,377.0,4.0,6956.0,877.0,1.0,1.0,0,0.0,21
566428,2014-05-24,377.0,5.0,6018.0,786.0,1.0,0.0,0,0.0,21
567543,2014-05-25,377.0,6.0,0.0,0.0,0.0,0.0,0,0.0,21
568655,2014-05-26,377.0,0.0,5663.0,864.0,1.0,0.0,0,0.0,22
570885,2014-05-28,377.0,2.0,6844.0,856.0,1.0,0.0,0,0.0,22
572000,2014-05-29,377.0,3.0,0.0,0.0,0.0,0.0,a,0.0,22
573118,2014-05-30,377.0,4.0,9819.0,1265.0,1.0,0.0,0,1.0,22
575348,2014-06-01,377.0,6.0,0.0,0.0,0.0,0.0,0,0.0,22
576460,2014-06-02,377.0,0.0,11231.0,1247.0,1.0,1.0,0,0.0,23
578690,2014-06-04,377.0,2.0,8407.0,1008.0,1.0,1.0,0,0.0,23
580922,2014-06-06,377.0,4.0,9312.0,1168.0,1.0,1.0,0,0.0,23
582037,2014-06-07,377.0,5.0,5781.0,816.0,1.0,0.0,0,0.0,23
583150,2014-06-08,377.0,6.0,0.0,0.0,0.0,0.0,0,0.0,23
584265,2014-06-09,377.0,0.0,0.0,0.0,0.0,0.0,a,0.0,24
585381,2014-06-10,377.0,1.0,7020.0,1064.0,1.0,0.0,0,0.0,24
586495,2014-06-11,377.0,2.0,6171.0,878.0,1.0,0.0,0,0.0,24
587612,2014-06-12,377.0,3.0,6657.0,1043.0,1.0,0.0,0,0.0,24
588728,2014-06-13,377.0,4.0,6019.0,922.0,1.0,0.0,0,0.0,24
589843,2014-06-14,377.0,5.0,5781.0,964.0,1.0,0.0,0,0.0,24
590958,2014-06-15,377.0,6.0,0.0,0.0,0.0,0.0,0,0.0,24
592070,2014-06-16,377.0,0.0,10506.0,1082.0,1.0,1.0,0,0.0,25
593188,2014-06-17,377.0,1.0,9679.0,1160.0,1.0,1.0,0,0.0,25
594300,2014-06-18,377.0,2.0,8233.0,1012.0,1.0,1.0,0,0.0,25
595415,2014-06-19,377.0,3.0,7187.0,918.0,1.0,1.0,0,0.0,25
597648,2014-06-21,377.0,5.0,5125.0,675.0,1.0,0.0,0,0.0,25
598763,2014-06-22,377.0,6.0,0.0,0.0,0.0,0.0,0,0.0,25
599875,2014-06-23,377.0,0.0,5993.0,870.0,1.0,0.0,0,0.0,26
600993,2014-06-24,377.0,1.0,6101.0,882.0,1.0,0.0,0,0.0,26
602105,2014-06-25,377.0,2.0,5805.0,823.0,1.0,0.0,0,0.0,26
604338,2014-06-27,377.0,4.0,7170.0,972.0,1.0,0.0,0,0.0,26
605453,2014-06-28,377.0,5.0,6095.0,777.0,1.0,0.0,0,0.0,26
606568,2014-06-29,377.0,6.0,0.0,0.0,0.0,0.0,0,0.0,26
607680,2014-06-30,377.0,0.0,12789.0,1312.0,1.0,1.0,0,0.0,27
608796,2014-07-01,377.0,1.0,11249.0,1260.0,1.0,1.0,0,0.0,27
609727,2014-07-02,377.0,2.0,9481.0,1071.0,1.0,1.0,0,0.0,27
610665,2014-07-03,377.0,3.0,9033.0,1124.0,1.0,1.0,0,0.0,27
611597,2014-07-04,377.0,4.0,7779.0,1007.0,1.0,1.0,0,0.0,27
612537,2014-07-05,377.0,5.0,6046.0,768.0,1.0,0.0,0,0.0,27
613470,2014-07-06,377.0,6.0,0.0,0.0,0.0,0.0,0,0.0,27
614404,2014-07-07,377.0,0.0,7005.0,995.0,1.0,0.0,0,0.0,28
616274,2014-07-09,377.0,2.0,5870.0,844.0,1.0,0.0,0,0.0,28
617208,2014-07-10,377.0,3.0,7803.0,1047.0,1.0,0.0,0,0.0,28
619082,2014-07-12,377.0,5.0,6510.0,838.0,1.0,0.0,0,0.0,28
620015,2014-07-13,377.0,6.0,0.0,0.0,0.0,0.0,0,0.0,28
620950,2014-07-14,377.0,0.0,9113.0,971.0,1.0,1.0,0,1.0,29
621886,2014-07-15,377.0,1.0,10144.0,1150.0,1.0,1.0,0,1.0,29
622817,2014-07-16,377.0,2.0,8387.0,953.0,1.0,1.0,0,1.0,29
624687,2014-07-18,377.0,4.0,8243.0,982.0,1.0,1.0,0,1.0,29
626560,2014-07-20,377.0,6.0,0.0,0.0,0.0,0.0,0,0.0,29
628430,2014-07-22,377.0,1.0,6169.0,866.0,1.0,0.0,0,1.0,30
629365,2014-07-23,377.0,2.0,5202.0,716.0,1.0,0.0,0,1.0,30
630300,2014-07-24,377.0,3.0,6154.0,816.0,1.0,0.0,0,1.0,30
631235,2014-07-25,377.0,4.0,6149.0,805.0,1.0,0.0,0,1.0,30
632170,2014-07-26,377.0,5.0,5579.0,661.0,1.0,0.0,0,0.0,30
634039,2014-07-28,377.0,0.0,10107.0,1073.0,1.0,1.0,0,1.0,31
634977,2014-07-29,377.0,1.0,9790.0,1061.0,1.0,1.0,0,1.0,31
635912,2014-07-30,377.0,2.0,9703.0,989.0,1.0,1.0,0,1.0,31
636846,2014-07-31,377.0,3.0,13416.0,1273.0,1.0,1.0,0,1.0,31
